

x<-c(1:1000)
a<-2*x+2
