

x<-c(1:100)
a<-2*x+2
